          21            0            0      214.861            0            0      214.861        999.9            0
          21      20.1405     -5.27745      3.72474      20.8205            0       21.151     0.177957     -0.25627
           2            0            0     -412.256            0            0      412.256       -999.9            0
          22      234.452     -34.8167      40.7304      237.023            0      240.498     0.171006    -0.147425
           6     -223.526      14.3695     -223.788      223.987      169.967      359.361    -0.880747       3.0774
          21     -10.9268      20.4471     -14.3367      23.1836            0      27.2585    -0.584538      2.06158
          21  1.77636e-15 -8.88178e-16      232.207  1.98603e-15            0      232.207        999.9    -0.463648
          21      9.31017    -0.442548    -0.961364      9.32068            0      9.37013    -0.102961   -0.0474981
           2 -7.10543e-15  8.88178e-16     -412.256  7.16072e-15            0      412.256       -999.9      3.01724
          22      221.272     -31.3629      57.0112      223.483            0       230.64     0.252414    -0.140801
           6      -229.88      16.0345     -226.299      230.438      169.967      364.968    -0.868616      3.07195
          21     -11.5324      20.6058     -14.4857      23.6135            0      27.7026    -0.580325      2.08103
          21  1.77636e-15 -8.32667e-17      239.411  1.77831e-15            0      239.411        999.9   -0.0468407
          21      10.2861      1.76794      21.0521      10.4369            0      23.4972      1.45125     0.170213
           2            0            0     -412.256            0            0      412.256       -999.9            0
          22      215.505     -31.0888      64.3281      217.736            0       227.04     0.291304    -0.143272
           6      -232.66      16.1666     -226.225      233.221      169.967      366.686    -0.860004      3.07222
          21     -11.7974      20.6184     -14.3816       23.755            0      27.7692    -0.573462      2.09051
          21      19.6418     -5.25375      4.39519      20.3323            0      20.8019     0.214519    -0.261359
          21            0 -2.22045e-16      262.464  2.22045e-16            0      262.464        999.9      -1.5708
          21     -3.23353      5.63624      4.71404      6.49791            0      8.02777     0.673407      2.09166
           2  8.88178e-16  1.11022e-16     -412.256   8.9509e-16            0      412.256       -999.9     0.124355
          22      209.246     -32.1646      69.4965      211.703            0      222.819     0.322646    -0.152523
           6     -235.677       15.648     -229.992      236.196      169.967      370.909    -0.862678      3.07529
          21      -12.085       20.569     -14.4714      23.8565            0      27.9026     -0.57448        2.102
          21      19.1005     -5.34678      4.85801      19.8348            0       20.421     0.242539    -0.272942
          21      9.12953    -0.473595    -0.735221       9.1418            0      9.17132   -0.0803376   -0.0518287
          21            0            0       269.92            0            0       269.92        999.9            0
          21     -3.48258      1.91221      66.6185      3.97302            0      66.7369      3.51349      2.63946
           2  6.66134e-16 -1.33227e-15     -412.256  1.48952e-15            0      412.256       -999.9     -1.10715
          22      211.046     -35.3032      68.7663      213.979            0      224.757      0.31608    -0.165742
           6     -234.809       14.135     -226.862      235.234      169.967      368.361    -0.855981      3.08147
          21     -12.0023      20.4248     -14.0634      23.6902            0      27.5501    -0.563362      2.10207
          21      19.2562     -5.61821        4.766      20.0591            0      20.6175     0.235418     -0.28388
          21      9.18149    -0.564175    -0.759112      9.19881            0      9.23008   -0.0824295   -0.0613698
          21      10.5605       1.2896      21.1016       10.639            0      23.6318       1.4362     0.121514
          21  4.44089e-16            0      336.646  4.44089e-16            0      336.646        999.9            0
          21     -1.78082      1.92526      2.92356      2.62259            0      3.92749     0.960239      2.31724
           2 -4.44089e-16  1.11022e-16     -412.256  4.57757e-16            0      412.256       -999.9      2.89661
          22       212.94     -36.3429      67.3123      216.019            0      226.264     0.306769    -0.169043
           6     -233.896      13.6338     -225.235      234.293      169.967       366.76    -0.853769      3.08337
          21     -11.9153       20.377     -13.9091       23.605            0      27.3982    -0.559579      2.09992
          21        19.42     -5.70812      4.62491      20.2415            0      20.7632     0.226543    -0.285879
          21      9.23614    -0.594181    -0.818908      9.25524            0      9.29139   -0.0883655   -0.0642436
          21      10.8491      1.13115       21.041      10.9079            0      23.7004      1.41141     0.103887
          21     -3.15133       5.5911      4.75595      6.41805            0      7.98814     0.685954      2.08405
          21  2.22045e-16 -1.11022e-16      340.486  2.48253e-16            0      340.486        999.9    -0.463648
           2 -6.66134e-16  6.66134e-16     -412.256  9.42055e-16            0      412.256       -999.9      2.35619
          21     0.424058    -0.508389     0.882957     0.662031            0      1.10358      1.09884    -0.875593
          22      213.716     -37.1824      66.9223      216.927            0      227.015     0.303806    -0.172256
           6     -233.522      13.2291     -224.128      233.896      169.967      365.827    -0.851532        3.085
          21     -11.8796      20.3384     -13.7858      23.5537            0      27.2915    -0.556173      2.09944
          21      19.4872     -5.78071      4.58267      20.3265            0      20.8367     0.223586    -0.288374
          21      9.25855    -0.618408    -0.833634      9.27918            0      9.31655   -0.0897187   -0.0666941
          21      10.9674      1.00321      21.0445      11.0132            0      23.7521      1.40303    0.0912181
          21     -3.11762      5.55466      4.78998      6.36976            0       7.9698     0.694737      2.08225
          21     -3.12986      1.53088      66.7144       3.4842            0      66.8053      3.64601      2.68669
          21  1.36113e-13 -1.63092e-13      340.486  2.12428e-13            0      340.486        999.9    -0.875322
           2 -1.36113e-13  1.63147e-13     -413.573  2.12471e-13            0      413.573       -999.9       2.2661
          22      213.634     -37.0837      66.1267      216.829            0      226.688     0.300432    -0.171872
           6     -233.825      13.5928      -225.07       234.22      169.967      366.612    -0.853478      3.08353
          21     -11.9007      20.3638      -13.847      23.5862            0      27.3505    -0.557715      2.09967
          21      19.4788     -5.77069      4.50826      20.3156            0      20.8098     0.220129    -0.288018
          21      9.25333    -0.612149    -0.865987      9.27356            0       9.3139   -0.0932472   -0.0660582
          21       10.966      1.00488      20.9701       11.012            0      23.6857          1.4    0.0913806
          21     -3.11926      5.55662      4.77173      6.37227            0      7.96085     0.692208      2.08232
          21     -3.12991      1.53094       66.522      3.48427            0      66.6132      3.64311      2.68668
          21     -1.78134      1.92588      2.91419      2.62339            0      3.92106     0.957624      2.31722
          21      10.0829    -0.681814       2.8265      10.1059            0      10.4937     0.276164   -0.0675183
          21      9.36889     -5.07565      2.25663      10.6554            0      10.8918      0.21023    -0.496491
          21     -3.10286      1.51771      65.9471      3.45416            0      66.0375      3.64311      2.68668
          21   -0.0399352      1.12933     0.552559      1.13003            0      1.25789     0.471329      1.60614
          21     0.463993     -1.63772     -8.13914      1.70218            0      8.31523     -2.26868     -1.29471
           2 -4.46337e-13  3.26295e-13     -422.042  5.52888e-13            0      422.042       -999.9      2.51033
          21     -1.17714     0.932215     -65.7888      1.50156            0      65.8059     -4.47322      2.47179
          21     -7.88212      16.3739     -9.87482      18.1723            0       20.682    -0.519688      2.01944
          21     -4.48511      3.53943     -4.36319      5.71347            0      7.18896    -0.704044       2.4735
           6     -233.359      14.0432     -224.679      233.781      169.967      366.091    -0.853573      3.08149
          21       9.2611     -4.48789      4.02095      10.2912            0      11.0489     0.381402    -0.451248
          21    0.0579304    -0.563371    -0.704654     0.566342            0     0.904035     -1.04398     -1.46833
          21       -3.053      1.49332      64.8874      3.39865            0      64.9764      3.64311      2.68668
          21 -1.45328e-13  1.14964e-13      340.486  1.85302e-13            0      340.486        999.9      2.47233
           2  1.44884e-13 -1.14686e-13     -487.852  1.84782e-13            0      487.852       -999.9     -0.66958
          22      213.858      -37.261      66.4593       217.08            0      227.025      0.30156    -0.172501
           6     -232.535      13.3908     -225.029       232.92      169.967      365.758    -0.857215      3.08407
          21     -7.83951      16.3402     -9.90444      18.1235            0      20.6533     -0.52241      2.01813
          21      10.0935    -0.690281      2.84102      10.1171            0      10.5084     0.277247   -0.0682821
          21      9.26753    -0.623392    -0.852662      9.28847            0      9.32753   -0.0916694   -0.0671651
          21      10.9698      1.00188      20.9836      11.0155            0      23.6992      1.40029    0.0910781
          21     -3.11481       5.5531      4.76101      6.36702            0      7.95023     0.691355      2.08198
          21     -3.05288      1.49322      64.8796       3.3985            0      64.9686      3.64303      2.68669
          21     -1.77994      1.92477      2.90946      2.62162            0      3.91636      0.95692      2.31712
          21   -0.0389515      1.12855     0.551221      1.12922            0      1.25658     0.470581       1.6053
          21       9.2709     -4.49565      4.03851      10.3034            0      11.0666     0.382559    -0.451511
          21      0.48694     -1.65589      -8.1369        1.726            0      8.31795     -2.25481     -1.28479
          21       -4.469      3.52667     -4.37354      5.69292            0      7.17895    -0.707677      2.47351
          21    0.0601739    -0.565148    -0.703974     0.568343            0     0.904761     -1.04048     -1.46472
          21     -0.12648    0.0534033     0.811336     0.137292            0      0.82287       2.4768      2.74207
          21      0.16619     0.807648     -1.57458     0.824569            0      1.77742     -1.40245      1.36786
          21     0.408278     -1.38839     -6.82244      1.44718            0      6.97424     -2.25481     -1.28479
          21      9.09183      0.72157      19.0867      9.12042            0      21.1538      1.48436    0.0791986
          21      2.29104     0.252531      1.85893      2.30491            0      2.96112     0.737741     0.109782
          21       8.8545    -0.595609    -0.814661      8.87451            0      8.91182   -0.0916694   -0.0671651
          21     -7.97908      15.0021     -8.73198       16.992            0      19.1044    -0.493598      2.05961
          21    -0.785883      2.06838     -2.07815      2.21264            0      3.03554    -0.837733       1.9339
          21     -3.54355      2.79636     -3.46785      4.51401            0       5.6923    -0.707677      2.47351
          -2      8.67979     0.563424       16.732      8.69806         0.33      18.8607      1.40896    0.0648211
           2     0.288338     0.378676      2.54379     0.475956         0.33      2.60889      2.37787     0.920016
          21     -2.99111      5.33257      4.57194      6.11417            0      7.63451     0.691355      2.08198
          21      7.71827     0.231905     -1.02639      7.72175            0      7.78967    -0.132534    0.0300372
          21      1.06837    -0.699936     0.137474      1.27723            0      1.28461     0.107428    -0.579983
          21     -7.91123      14.8745     -8.65772      16.8475            0      18.9419    -0.493598      2.05961
          -2      1.87105     0.685184      3.30628      1.99256         0.33      3.87436         1.28     0.351036
          21      7.41395   -0.0550512      13.9168      7.41415            0      15.7685      1.38726  -0.00742521
          21      1.68583     0.185822      1.36787      1.69604            0       2.1789     0.737741     0.109782
          21      8.32665     -4.22957      3.67716      9.33929            0      10.0371     0.384207    -0.469992
          21      3.10722    -0.414006     0.970163      3.13468            0      3.28138     0.304754     -0.13246
          21      7.93058    -0.542359      2.23221       7.9491            0      8.25657     0.277247   -0.0682821
          21      1.63308    -0.551237      0.84356      1.72361            0      1.91896     0.471724    -0.325535
          21      1.51744     0.781068      0.32953      1.70666            0      1.73818     0.191905     0.475359
          21      6.25357     0.187897    -0.831613       6.2564            0      6.31142    -0.132534    0.0300372
          21     -1.28267     0.639662      1.12657      1.43332            0      1.82306     0.721689      2.67899
          21    -0.497271      1.28511      2.90335      1.37796            0      3.21375      1.49048         1.94
          21 -2.90656e-13  2.29927e-13      341.606  3.70604e-13            0      341.606        999.9      2.47233
          21     -2.78308      1.88957      62.7858      3.36393            0      62.8758      3.62048      2.54514
          21    -0.267565    -0.417318      2.06773     0.495727            0      2.12632       2.1354     -2.14093
          21     0.057941    -0.544177    -0.677851     0.547252            0     0.871188     -1.04048     -1.46472
          21   -0.0619364     0.209793      12.9244     0.218745            0      12.9263      4.77218      1.85787
          21     -0.92878    -0.136129      5.45746     0.938703            0       5.5376       2.4607     -2.99606
          21     -2.05993      1.39859      46.4716      2.48985            0      46.5383      3.62048      2.54514
          21    -0.946587      1.46864      5.02278      1.74726            0      5.31801      1.77804      2.14332
          21     0.449317    -0.183534      7.75529     0.485355            0      7.77046      3.46537    -0.387789
          21 -5.81313e-13  4.59854e-13      351.481  7.41209e-13            0      351.481        999.9      2.47233
          21    -0.297613   -0.0297864      4.62808       0.2991            0      4.63774      3.43331     -3.04184
          21     0.632469     0.131964      -0.3659     0.646089            0     0.742505    -0.539739     0.205697
          21     0.253786     -1.09689    0.0538427      1.12586            0      1.12715    0.0478052     -1.34343
          21      7.49834     -3.80882      3.31136      8.41024            0      9.03866     0.384207    -0.469992
          21    0.0610953    -0.400107    -0.215799     0.404744            0      0.45868    -0.510686     -1.41927
          21     0.568286     0.542527     0.494121     0.785675            0     0.928138     0.593458     0.762213
          21   -0.0588492     0.199336      12.2802     0.207842            0      12.2819      4.77218      1.85787
          21    -0.161372   -0.0106562      3.24457     0.161724            0       3.2486      3.69261     -3.07565
          21    -0.655355      1.42625      4.01962      1.56961            0      4.31521      1.66961      2.00152
          21     0.319456    -0.130489      5.51388     0.345079            0      5.52466      3.46537    -0.387789
          21     -1.56936      1.93479     -1.49589      2.49124            0      2.90585    -0.569221      2.25229
          21    -0.723155      1.32254     -2.05671      1.50733            0      2.54992     -1.11715      2.07117
          21     -2.03691      1.60741      -1.9934      2.59476            0      3.27207    -0.707677      2.47351
          21      2.54316    -0.486947    -0.496471      2.58936            0      2.63652     -0.19058    -0.189184
          21      4.05813      0.44704    -0.290399      4.08268            0        4.093   -0.0710697     0.109717
          21     0.720655    -0.472133    0.0927314     0.861541            0     0.866517     0.107428    -0.579983
          21            0            0      356.117            0            0      356.117        999.9            0
           2            0            0     -487.852            0            0      487.852       -999.9            0
          22      213.982     -37.2486      66.3726        217.2            0      227.115     0.301016    -0.172346
           6     -232.475      13.3967     -224.928      232.861      169.967      365.658    -0.857078      3.08403
          21     -7.90687       14.875     -8.65482      16.8459            0      18.9391    -0.493489      2.05937
          21      7.93502    -0.541915      2.22896       7.9535            0      8.25993     0.276704   -0.0681882
          21      2.54406    -0.486856    -0.497501      2.59023            0      2.63757    -0.190907    -0.189084
          -2      1.87409     0.685488      3.30549      1.99552         0.33      3.87522      1.27853     0.350655
          21     -2.98594      5.33309      4.57306      6.11209            0      7.63351     0.691705       2.0812
          21     -2.02055      1.40253      46.4729      2.45962            0       46.538      3.63271      2.53482
          21     -1.28142     0.639787       1.1271      1.43226            0      1.82256      0.72244      2.67852
          21    -0.125788    0.0534725     0.811395     0.136682            0     0.822827      2.48127      2.73964
          21      7.50356      -3.8083      3.30844      8.41467            0       9.0417     0.383691    -0.469655
          21     0.408342     -1.38839     -6.82248      1.44719            0      6.97429     -2.25481     -1.28475
          21     -2.03637      1.60747     -1.99258      2.59437            0      3.27126    -0.707516      2.47336
          21    0.0611981    -0.400096    -0.215804      0.40475            0     0.458687    -0.510689     -1.41901
          21     -1.17713     0.932215     -65.7877      1.50156            0      65.8048     -4.47321      2.47179
          21     0.166276     0.807657     -1.57467     0.824595            0      1.77751     -1.40247      1.36776
          21      1.63425     -0.55112     0.842911      1.72468            0      1.91964     0.471113    -0.325254
          21     -1.56876      1.93484     -1.49528      2.49091            0      2.90526    -0.569078      2.25209
           2     0.290519     0.378894      2.54368     0.477454         0.33      2.60906      2.37474     0.916657
          21     0.721061    -0.472092    0.0924549     0.861858            0     0.866803     0.107069    -0.579685
          21      7.42652   -0.0537933      13.9138      7.42671            0      15.7718      1.38558  -0.00724329
          21      3.10902    -0.413826     0.968898      3.13644            0      3.28269     0.304203    -0.132327
          21      1.51832     0.781155     0.328872      1.70748            0      1.73886     0.191435      0.47517
          21    -0.158623    -0.010381      3.24467     0.158963            0      3.24856      3.70985     -3.07624
          21   -0.0484503     0.200377      12.2803     0.206151            0      12.2821      4.78036      1.80804
          21    -0.924125    -0.135663      5.45791     0.934029            0      5.53726       2.4657     -2.99583
          21      0.32413    -0.130021       5.5138     0.349236            0      5.52485      3.45341    -0.381489
          21     0.254286     -1.09684    0.0537929      1.12593            0      1.12721    0.0477584     -1.34299
          21     0.568889     0.542588     0.493866     0.786152            0     0.928407     0.592861     0.761739
          21    -0.651826      1.42661      4.01988      1.56846            0      4.31503      1.67036      1.99938
          21    -0.722946      1.32256     -2.05643      1.50725            0      2.54965     -1.11709      2.07105
          21      4.05974     0.447201    -0.292096       4.0843            0      4.09473   -0.0714558     0.109713
        2212            0            0         6500            0      0.93827         6500        999.9            0
          21            0            0      356.117            0            0      356.117        999.9            0
        2101            0            0      6138.36            0      0.57933      6138.36        999.9            0
           2            0            0      5.52221            0         0.33      5.53206        999.9            0
        2212            0            0        -6500            0      0.93827         6500       -999.9            0
           2            0            0     -487.852            0            0      487.852       -999.9            0
        2101            0            0     -6012.14            0      0.57933      6012.14       -999.9            0
          22      213.982     -37.2486      66.3726        217.2            0      227.115     0.301016    -0.172346
           6     -232.475      13.3967     -224.928      232.861      169.967      365.658    -0.857078      3.08403
          21     -7.90687       14.875     -8.65482      16.8459            0      18.9391    -0.493489      2.05937
          21      7.93502    -0.541915      2.22896       7.9535            0      8.25993     0.276704   -0.0681882
          21      2.54406    -0.486856    -0.497501      2.59023            0      2.63757    -0.190907    -0.189084
          -2      1.87409     0.685488      3.30549      1.99552         0.33      3.87522      1.27853     0.350655
          21     -2.98594      5.33309      4.57306      6.11209            0      7.63351     0.691705       2.0812
          21     -2.02055      1.40253      46.4729      2.45962            0       46.538      3.63271      2.53482
          21     -1.28142     0.639787       1.1271      1.43226            0      1.82256      0.72244      2.67852
          21    -0.125788    0.0534725     0.811395     0.136682            0     0.822827      2.48127      2.73964
          21      7.50356      -3.8083      3.30844      8.41467            0       9.0417     0.383691    -0.469655
          21     0.408342     -1.38839     -6.82248      1.44719            0      6.97429     -2.25481     -1.28475
          21     -2.03637      1.60747     -1.99258      2.59437            0      3.27126    -0.707516      2.47336
          21    0.0611981    -0.400096    -0.215804      0.40475            0     0.458687    -0.510689     -1.41901
          21     -1.17713     0.932215     -65.7877      1.50156            0      65.8048     -4.47321      2.47179
          21     0.166276     0.807657     -1.57467     0.824595            0      1.77751     -1.40247      1.36776
          21      1.63425     -0.55112     0.842911      1.72468            0      1.91964     0.471113    -0.325254
          21     -1.56876      1.93484     -1.49528      2.49091            0      2.90526    -0.569078      2.25209
           2     0.290519     0.378894      2.54368     0.477454         0.33      2.60906      2.37474     0.916657
          21     0.721061    -0.472092    0.0924549     0.861858            0     0.866803     0.107069    -0.579685
          21      7.42652   -0.0537933      13.9138      7.42671            0      15.7718      1.38558  -0.00724329
          21      3.10902    -0.413826     0.968898      3.13644            0      3.28269     0.304203    -0.132327
          21      1.51832     0.781155     0.328872      1.70748            0      1.73886     0.191435      0.47517
          21    -0.158623    -0.010381      3.24467     0.158963            0      3.24856      3.70985     -3.07624
          21   -0.0484503     0.200377      12.2803     0.206151            0      12.2821      4.78036      1.80804
          21    -0.924125    -0.135663      5.45791     0.934029            0      5.53726       2.4657     -2.99583
          21      0.32413    -0.130021       5.5138     0.349236            0      5.52485      3.45341    -0.381489
          21     0.254286     -1.09684    0.0537929      1.12593            0      1.12721    0.0477584     -1.34299
          21     0.568889     0.542588     0.493866     0.786152            0     0.928407     0.592861     0.761739
          21    -0.651826      1.42661      4.01988      1.56846            0      4.31503      1.67036      1.99938
          21    -0.722946      1.32256     -2.05643      1.50725            0      2.54965     -1.11709      2.07105
          21      4.05974     0.447201    -0.292096       4.0843            0      4.09473   -0.0714558     0.109713
          21    -0.297613   -0.0297864      4.62808       0.2991            0      4.63774      3.43331     -3.04184
           5     -154.079     -13.9271     -65.6851      154.707          4.8      168.142    -0.412757     -3.05145
          24     -78.3962      27.3238     -159.243      83.0215      82.2282      197.515     -1.40639      2.80622
           5     -134.036      -12.074     -58.1994      134.578          4.8      146.702        -0.42     -3.05175
          21     -20.0352     -1.83513     -7.54534      20.1191            0      21.4874    -0.366756     -3.05025
          24     -78.4042      27.3059     -159.183      83.0231      82.2282      197.468     -1.40604      2.80646
           2      6.67259     -5.96663     -67.3246      8.95121         0.33      67.9179     -2.71528    -0.729601
          -1     -85.0768      33.2725     -91.8585      91.3516         0.33       129.55    -0.885292      2.76879
           2      5.78843     -6.89409     -23.7752      9.00191         0.33      25.4245     -1.69841    -0.872358
          21     -1.65617      1.92096     -46.2922      2.53633            0      46.3616     -3.59815      2.28231
          -1     -82.5365       32.279     -89.1157      88.6239         0.33      125.682    -0.885292      2.76879
          21     -1.06651       2.3145     -4.98653       2.5484            0      5.59998     -1.42411      2.00259
          21     -1.91482     0.124704     -42.7364      1.91888            0      42.7795     -3.79696      3.07656
          -1     -81.2113      31.7607      -87.685       87.201         0.33      123.664    -0.885293      2.76879
          21     -0.87506      1.42792     -31.3567      1.67472            0      31.4014     -3.62364      2.12059
          21      -1.3521     -1.18107     -11.7169       1.7953            0      11.8537     -2.57483     -2.42361
          -1      -80.899      31.6386     -87.3478      86.8657         0.33      123.188    -0.885293      2.76879
          -1     -78.1181      29.9712      -83.254      83.6703         0.33      118.034    -0.877851      2.77525
          21     -2.82289      1.63068     -4.45826      3.26004            0      5.52304     -1.11898      2.61776
          21     -1.31004     -1.14433     -11.3525      1.73945            0      11.4849     -2.57483     -2.42361
          21     -1.69479     0.855075     -1.66331      1.89828            0       2.5239     -0.79109      2.67433
          21     -1.34112     0.589533     -4.64089      1.46498            0      4.86662     -1.87024      2.72744
          21     -1.09703    -0.958258     -9.50652      1.45662            0      9.61747     -2.57483     -2.42361
          21     -1.72249    -0.503762     -14.0762      1.79464            0      14.1901     -2.75687     -2.85707
          21     0.347554  -0.00100998     -5.38874     0.347555            0      5.39993     -3.43533  -0.00290597
          21    -0.597154     0.974435     -21.3983      1.14285            0      21.4288     -3.62364      2.12059
          21     0.199064    -0.127995     -8.40611     0.236662            0      8.40944     -4.26343    -0.571426
          21    -0.693377    -0.119229     -3.86238     0.703553            0      3.92593     -2.40424      -2.9713
          21     -0.88062    -0.257548     -7.19645     0.917509            0       7.2547     -2.75687     -2.85707
           2      4.50188     -5.98882     -20.6961      7.49218         0.33       22.013     -1.74049    -0.926199
          21      1.26311    -0.854411     -3.18865      1.52495            0      3.53454      -1.4836    -0.594733
          21     -1.04307      2.26364     -4.87695       2.4924            0      5.47693     -1.42411      2.00259
          21       -1.574    -0.376777     -11.0588      1.61846     0.299198      11.1806     -2.62021     -2.90664
          21       11.044    -0.955741      3.19785      11.0853     0.348498      11.5426     0.284618    -0.086324
          21     0.315484     -1.49693    -0.162011      1.52982      0.38534       1.5859    -0.105705     -1.36308
           2      4.50188     -5.98882     -20.6961      7.49218         0.33       22.013     -1.74049    -0.926199
          21      1.26311    -0.854411     -3.18865      1.52495            0      3.53454      -1.4836    -0.594733
          21     -1.04307      2.26364     -4.87695       2.4924            0      5.47693     -1.42411      2.00259
          21    -0.597154     0.974435     -21.3983      1.14285            0      21.4288     -3.62364      2.12059
          21     0.199064    -0.127995     -8.40611     0.236662            0      8.40944     -4.26343    -0.571426
          21       -1.574    -0.376777     -11.0588      1.61846     0.299198      11.1806     -2.62021     -2.90664
          21     -1.34112     0.589533     -4.64089      1.46498            0      4.86662     -1.87024      2.72744
          21     -1.69479     0.855075     -1.66331      1.89828            0       2.5239     -0.79109      2.67433
          -1     -78.1181      29.9712      -83.254      83.6703         0.33      118.034    -0.877851      2.77525
         111      1.65407     -2.19803     -8.49375      2.75087      0.13498      8.92912     -1.84581    -0.925683
         113      2.88683     -3.35994     -10.0971      4.42978     0.833173      11.0575     -1.56202     -0.86099
         211     0.988514    -0.965826     -4.81214      1.38202      0.13957       5.0086     -1.96075    -0.773789
        -211      0.45485    -0.307105    -0.876121     0.548819      0.13957       1.0432     -1.24706    -0.593872
         211     -1.43399      2.00393     -7.74873      2.46416      0.13957       8.1323      -1.8632      2.19191
        -211     0.427137     0.991687     -8.15485      1.07976      0.13957      8.22721     -2.71937      1.16409
         113     -1.56655    -0.557265     -11.5649      1.66271     0.804814      11.7115      -2.6378     -2.79982
         321   -0.0686989     0.381514      -3.3627      0.38765      0.49368      3.42078     -2.85685      1.74896
        -321    -0.269299     0.274493     -7.85477     0.384537      0.49368      7.87965     -3.71058      2.34664
         213    -0.526646    -0.399085     -8.34828     0.660776     0.759254      8.40874     -3.23111     -2.49313
        -213       -9.628      4.46842     -11.9461      10.6144     0.678833      15.9948    -0.967366      2.70707
        2114     -37.3112      13.5445     -39.0789      39.6936      1.21054      55.7154    -0.870381      2.79337
         211     -4.61398      2.04099     -5.52869      5.04524      0.13957      7.48601    -0.947534      2.72512
       -2114     -29.3972      11.3875     -31.3162      31.5257      1.22501       44.453    -0.876665      2.77202
           5     -134.036      -12.074     -58.1994      134.578          4.8      146.702        -0.42     -3.05175
          21     -20.0352     -1.83513     -7.54534      20.1191            0      21.4874    -0.366756     -3.05025
          21     -2.03637      1.60747     -1.99258      2.59437            0      3.27126    -0.707516      2.47336
          21    -0.722946      1.32256     -2.05643      1.50725            0      2.54965     -1.11709      2.07105
          21     -1.56876      1.93484     -1.49528      2.49091            0      2.90526    -0.569078      2.25209
          21     -7.90687       14.875     -8.65482      16.8459            0      18.9391    -0.493489      2.05937
          21     0.721061    -0.472092    0.0924549     0.861858            0     0.866803     0.107069    -0.579685
          21      4.05974     0.447201    -0.292096       4.0843            0      4.09473   -0.0714558     0.109713
          21      2.54406    -0.486856    -0.497501      2.59023            0      2.63757    -0.190907    -0.189084
          21      1.51832     0.781155     0.328872      1.70748            0      1.73886     0.191435      0.47517
          21      1.63425     -0.55112     0.842911      1.72468            0      1.91964     0.471113    -0.325254
          21      7.42652   -0.0537933      13.9138      7.42671            0      15.7718      1.38558  -0.00724329
          -2      1.87409     0.685488      3.30549      1.99552         0.33      3.87522      1.27853     0.350655
        -523      -124.67      -10.715     -53.0065      125.129       5.3252      135.998     -0.41187     -3.05586
         111      -6.7211      -0.9084     -3.39358      6.78221      0.13498      7.58505    -0.481538     -3.00725
         213      -8.0738    -0.554326     -3.65073      8.09281     0.771448      8.91159    -0.437059     -3.07304
        -211      -7.2302    -0.996696     -3.23806      7.29857      0.13957      7.98584    -0.430258      -3.0046
         113     -4.03332    -0.287632     -1.37448      4.04356     0.736214      4.33377     -0.33369      -3.0704
         111      -1.3509  -0.00409359    -0.598782       1.3509      0.13498      1.48381    -0.429883     -3.13856
         111     -1.32779     0.248362    -0.825109      1.35082      0.13498      1.58863    -0.578083      2.95668
         211    -0.411094     0.811537    -0.420934      0.90972      0.13957      1.01206     -0.44761      2.03968
        -211     -1.11243    -0.259966    -0.584596       1.1424      0.13957      1.29086    -0.491674     -2.91202
        2212     -1.75175      2.10256     -1.65504      2.73668      0.93827        3.333    -0.572904      2.26543
       -2112     -4.63892      7.59485     -5.59356      8.89951      0.93957      10.5533     -0.59313      2.11912
         113     -1.03392       1.3295     -1.05298      1.68421     0.960484      2.20632    -0.590317      2.23177
        -211    -0.499883      1.13505    -0.680594      1.24025      0.13957      1.42159    -0.524389      1.98564
         113     -1.78481      2.99394     -2.30415      3.48557     0.833832       4.2607    -0.620468      2.10837
         223    0.0712801     0.848029     0.173177     0.851019     0.779893      1.16724     0.202115      1.48694
         321    -0.239652     0.787734    -0.758718     0.823382      0.49368      1.22365    -0.824737      1.86613
        -313    -0.187082      1.36834    -0.523249      1.38107     0.874067      1.71614    -0.370349      1.70668
         113     0.346324     0.305491    -0.519321     0.461806      1.13349      1.32957    -0.966756     0.722834
        -211     0.371054      -0.2207     0.085249     0.431729      0.13957     0.461668     0.196198    -0.536581
         213      1.68895   -0.0879823    -0.256687      1.69124     0.715394      1.85417    -0.151198   -0.0520459
         223         1.51     0.203588    -0.226602      1.52366     0.782158      1.72762    -0.148179     0.134019
         111       1.9814     0.216806     0.779218      1.99322      0.13498      2.14437     0.381604     0.108987
        -211      1.10392    -0.639383    -0.398028      1.27571      0.13957      1.34363    -0.307152     -0.52498
         211      1.27247     0.160867      1.28864       1.2826      0.13957       1.8235     0.884704     0.125754
        -211     0.723795     0.293932   0.00199341     0.781201      0.13957     0.793574   0.00255172     0.385752
         223      2.75673    -0.634821      4.81335      2.82888     0.828821      5.64428      1.30158    -0.226335
         111      5.04975     0.580771      8.27821      5.08304      0.13498      9.71516      1.26404     0.114507
         221      1.66281      0.50835       3.3919      1.73878      0.54785      3.85078      1.42138     0.296693
           2     0.290519     0.378894      2.54368     0.477454         0.33      2.60906      2.37474     0.916657
          21     -2.98594      5.33309      4.57306      6.11209            0      7.63351     0.691705       2.0812
          21     -1.28142     0.639787       1.1271      1.43226            0      1.82256      0.72244      2.67852
          21    -0.158623    -0.010381      3.24467     0.158963            0      3.24856      3.70985     -3.07624
          21    -0.651826      1.42661      4.01988      1.56846            0      4.31503      1.67036      1.99938
          21      0.32413    -0.130021       5.5138     0.349236            0      5.52485      3.45341    -0.381489
          21    -0.297613   -0.0297864      4.62808       0.2991            0      4.63774      3.43331     -3.04184
        2101            0            0      6138.36            0      0.57933      6138.36        999.9            0
         113   -0.0847356      0.25952       1.4583     0.273003      0.94451      1.75877      2.37734      1.88639
         331    -0.893595      2.33782      2.95409      2.50278     0.957681      3.98845      1.00332      1.93589
         113     -1.83478      1.40975      1.98589      2.31384      1.26032      3.29939     0.777524      2.48645
         211     0.131368     0.961012      1.53284     0.969949      0.13957      1.81931      1.23851      1.43494
        2112     -1.07304      1.21339      3.58238      1.61979      0.93957      4.04227      1.53446      2.29489
         213    -0.190888      0.62322      1.34612     0.651799     0.745203      1.67099      1.47244      1.86802
       -2224    -0.154079   -0.0817018      5.08937     0.174401      1.33262      5.26384      4.06699     -2.65403
         213    -0.782294     0.737597      4.45137      1.07519     0.879585      4.66309      2.12814      2.38559
        -213    0.0198631     0.145833      9.93783      0.14718     0.729263      9.96564      4.90565      1.43543
         211     0.206645     0.136447      102.452     0.247629      0.13957      102.452      6.71836     0.583579
         111    0.0620858      -0.3601      44.9899     0.365413      0.13498      44.9916      5.50633     -1.40006
         311    -0.138798    -0.291886      83.8751     0.323206      0.49761      83.8772      6.25195     -2.01467
        -313     0.101302     0.481775      327.278      0.49231     0.973391       327.28       7.1926      1.36355
         111   0.00958735    0.0389672      68.4504    0.0401293      0.13498      68.4506       8.1349      1.32955
         113      -0.2184     0.295806      425.911     0.367695     0.714777      425.912      7.74788      2.20678
         111    -0.375994    -0.390811      888.028     0.542314      0.13498      888.028      8.09406     -2.33687
        -213      0.14235     0.276287      1502.95     0.310802     0.799739      1502.95      9.17693      1.09504
        2212     0.312632    -0.184742      2687.73     0.363137      0.93827      2687.73      9.60258     -0.53372
           2            0            0      5.52221            0         0.33      5.53206        999.9            0
          21     -2.02055      1.40253      46.4729      2.45962            0       46.538      3.63271      2.53482
          21    -0.924125    -0.135663      5.45791     0.934029            0      5.53726       2.4657     -2.99583
          21   -0.0484503     0.200377      12.2803     0.206151            0      12.2821      4.78036      1.80804
          21     0.568889     0.542588     0.493866     0.786152            0     0.928407     0.592861     0.761739
          21     0.315484     -1.49693    -0.162011      1.52982      0.38534       1.5859    -0.105705     -1.36308
          21      7.50356      -3.8083      3.30844      8.41467            0       9.0417     0.383691    -0.469655
          21       11.044    -0.955741      3.19785      11.0853     0.348498      11.5426     0.284618    -0.086324
          21    -0.125788    0.0534725     0.811395     0.136682            0     0.822827      2.48127      2.73964
          21     0.166276     0.807657     -1.57467     0.824595            0      1.77751     -1.40247      1.36776
          21     0.408342     -1.38839     -6.82248      1.44719            0      6.97429     -2.25481     -1.28475
          21     -1.17713     0.932215     -65.7877      1.50156            0      65.8048     -4.47321      2.47179
        2101            0            0     -6012.14            0      0.57933      6012.14       -999.9            0
         213     -1.19301     0.458693      28.8046      1.27816     0.851901      28.8456      3.80876      2.77454
         313    -0.054665     0.190288      8.19096     0.197984     0.894253      8.24201      4.41589      1.85054
        -311     -1.60438      1.20882      26.5893      2.00881      0.49761      26.6697      3.27754      2.49589
        -213     0.112537    -0.224388     0.829286     0.251027      0.65309      1.08501      1.91031     -1.10593
         321     0.243806     0.187762      4.52599     0.307727      0.49368      4.56323      3.38268      0.65626
        -323   -0.0589732    -0.252593     0.725468     0.259386     0.864273      1.15782      1.75218     -1.80016
        3212      1.63135    -0.736819      1.05696      1.79003      1.19264      2.39661     0.560636    -0.424235
       -3112      1.86766     -1.87315     0.358245      2.64516      1.19745      2.92559     0.135024    -0.786865
         111     0.282592     -0.17265     0.160106     0.331159      0.13498     0.391816      0.46638    -0.548432
         223      2.69991    -0.699845       1.2566      2.78914     0.781542       3.1574     0.436537    -0.253628
        -213      5.95637    -0.847583      1.94937      6.01638     0.808926      6.37583     0.318594    -0.141349
         111      1.28838    -0.986658     0.807431      1.62278      0.13498      1.81758     0.479028    -0.653544
         211      2.03133    -0.107332     0.511189      2.03416      0.13957      2.10205     0.248729   -0.0527892
        -211      1.53312    -0.245209     0.306021      1.55261      0.13957      1.58862     0.195847    -0.158598
        2212      1.08487     0.306384     0.961658       1.1273      0.93827      1.75384     0.773567     0.275247
       -2212     0.898601     0.485195     -1.02912      1.02122      0.93827      1.72694    -0.886829     0.495091
         211    -0.244947    -0.683331    -0.382798     0.725907      0.13957     0.832439    -0.505529     -1.91499
        -211      0.18234    -0.654931     -6.15041      0.67984      0.13957      6.18944      -2.8986     -1.29926
         113    -0.374336     0.643369     -5.47631     0.744346      1.09566      5.63422     -2.69341      2.09775
        2114     0.528232    -0.118452     -11.0587      0.54135      1.12724      11.1291     -3.71065    -0.220593
       -1114    -0.827596   -0.0466521     -48.1578      0.82891       1.3108      48.1827     -4.75535     -3.08528
        2114     0.237926     0.202126     -63.0207     0.312192      1.30928      63.0351     -6.00075     0.704222
       -2114    -0.252761     0.255823     -157.009      0.35963      1.12361      157.013     -6.77213      2.35017
        -213    -0.498053       -0.203     -1277.49     0.537834      1.03079      1277.49       -8.466     -2.75456
         111     0.443164      0.58041     -1974.14     0.730254      0.13498      1974.14      -8.5954     0.918688
        2212    -0.202927    -0.512467     -2542.07     0.551182      0.93827      2542.07     -9.12957     -1.94783
         211      2.64798     -3.03189      -8.5373      4.02543      0.13957      9.43976     -1.49641    -0.852886
        -211     0.238852    -0.328054     -1.55977     0.405795      0.13957      1.61772      -2.0561    -0.941468
         211    -0.491803    -0.497519     -3.34288     0.699568      0.13957      3.41815     -2.26805     -2.35042
        -211     -1.07475   -0.0597462     -8.22199      1.07641      0.13957      8.29333     -2.73059     -3.08606
         211     -0.47744    -0.259251     -2.73753     0.543287      0.13957      2.79441     -2.32003     -2.64414
         111   -0.0492061    -0.139834     -5.61075     0.148239      0.13498      5.61433     -4.32694     -1.90915
        -211       -1.997      0.69444     -2.23402       2.1143      0.13957      3.07905    -0.920852      2.80693
         111       -7.631      3.77398     -9.71206      8.51323      0.13498      12.9158    -0.977529      2.68231
        2112     -27.3923      9.81704     -28.4344      29.0983      0.93957      40.6953    -0.865147      2.79747
         111     -9.91896      3.72748     -10.6445      10.5962      0.13498      15.0201    -0.884595      2.78213
       -2112     -26.8457      10.5687     -28.6512      28.8511      0.93957      40.6714    -0.876466      2.76654
         111     -2.55154     0.818875     -2.66493      2.67972      0.13498      3.78166    -0.877465      2.83104
         211    -0.712962    -0.166313    -0.199885     0.732103      0.13957     0.771627    -0.269746     -2.91242
         111     -7.36084    -0.388013     -3.45084      7.37106      0.13498      8.13997    -0.452554     -3.08893
         211     -3.69608     -0.35244     -1.10772      3.71285      0.13957      3.87708     -0.29409     -3.04653
        -211    -0.337241    0.0648078    -0.266759     0.343412      0.13957     0.456696    -0.714442      2.95174
         211     -1.06017      1.40984    -0.911958      1.76397      0.13957      1.99066    -0.496357      2.21556
        -211    0.0262509    -0.080332    -0.141018    0.0845124      0.13957     0.215658     -1.28479     -1.25495
         211     -1.63384      2.21168     -1.57608      2.74971      0.13957      3.17245    -0.545689      2.20705
        -211     -0.15097     0.782265    -0.728071     0.796699      0.13957      1.08825    -0.819133      1.76144
        -321     -0.34629      1.19027    -0.318036      1.23962      0.49368      1.37168    -0.253826      1.85392
         211     0.159208     0.178073    -0.205213     0.238867      0.13957     0.344455    -0.778164     0.841272
         211     0.503045     0.631779    -0.248381     0.807589      0.13957     0.856371    -0.302905     0.898355
        -211    -0.156721    -0.326288     -0.27094     0.361974      0.13957     0.473195    -0.691952     -2.01857
         211      1.56701   -0.0814854   -0.0463307      1.56912      0.13957        1.576   -0.0295222   -0.0519539
         111     0.121942  -0.00649692    -0.210357     0.122115      0.13498     0.278176     -1.31223   -0.0532283
         211    -0.469298    0.0760469      1.00864      0.47542      0.13957      1.12377      1.49672      2.98095
        -211     0.384563     0.183473     0.449661     0.426088      0.13957     0.635001     0.919958     0.445156
         211     -1.42124     0.958882     0.678334      1.71446      0.13957      1.84905     0.385997      2.54806
        -211     -0.41354     0.450873      1.30756     0.611802      0.13957      1.45034      1.50337      2.31303
         211      -0.2194    0.0373586     0.854109     0.222558      0.13957     0.893596      2.05458      2.97293
         111    0.0285127     0.585862      0.49201     0.586555      0.13498     0.777393      0.76269      1.52217
       -2212    0.0514737    -0.243787      4.50581     0.249162      0.93827       4.6092      3.58893     -1.36271
        -211    -0.205553     0.162086      0.58356     0.261771      0.13957     0.654634      1.54171      2.47388
         211    0.0431631     0.184909      2.01186      0.18988      0.13957      2.02561      3.05579      1.34147
         111    -0.825457     0.552688      2.43951       0.9934      0.13498      2.63748      1.63066      2.55159
        -211     0.223443   -0.0324457      1.56515     0.225787      0.13957       1.5875      2.63446      -0.1442
         111     -0.20358     0.178279      8.37268     0.270607      0.13498      8.37814      4.12547      2.42236
         130    -0.138798    -0.291886      83.8751     0.323206      0.49761      83.8772      6.25195     -2.01467
        -321    -0.135623      0.56933      195.033      0.58526      0.49368      195.035      6.50202      1.80465
         211     0.236925   -0.0875543      132.244     0.252585      0.13957      132.245      6.95381    -0.353979
         211   -0.0472958     0.488723      274.297     0.491006      0.13957      274.297      7.01866      1.66727
        -211    -0.171104    -0.192917      151.615     0.257864      0.13957      151.615      7.06982     -2.29634
        -211     0.226159     0.485876      1210.39     0.535932      0.13957      1210.39      8.41559      1.13516
         111   -0.0838091    -0.209589      292.565     0.225725      0.13498      292.565      7.86027     -1.95119
         211    -0.474735     0.608542      13.5242     0.771814      0.13957      13.5469      3.55745       2.2333
         111    -0.718279    -0.149849      15.2805     0.733744      0.13498      15.2987      3.72989     -2.93592
         311   -0.0747058     0.291829      3.50325      0.30124      0.49761      3.55122      3.14853      1.82141
         111    0.0200408    -0.101542      4.68771       0.1035      0.13498       4.6908      4.50639     -1.37594
         130     -1.60438      1.20882      26.5893      2.00881      0.49761      26.6697      3.27754      2.49589
        -211     0.330072    -0.123812     0.282101     0.352529      0.13957     0.472587     0.732841    -0.358862
         111    -0.217536    -0.100577     0.547184     0.239661      0.13498     0.612428      1.56354     -2.70852
        -311    0.0846524    -0.317438     0.266983     0.328531      0.49761     0.653321     0.742521     -1.31019
        -211    -0.143626    0.0648452     0.458485     0.157586      0.13957     0.504501      1.78941       2.7175
        -211     0.696228    -0.304222     0.140026     0.759792      0.13957     0.785093     0.183268    -0.411955
         111      5.26015    -0.543361      1.80934      5.28814      0.13498      5.59074     0.335805    -0.102933
         211    -0.108717    0.0798822     -4.22515     0.134909      0.13957       4.2296     -4.13761      2.50791
        -211    -0.265619     0.563487     -1.25116     0.622954      0.13957      1.40462      -1.4474      2.01129
        2112     0.368472    -0.134076     -9.84349     0.392107      0.93957        9.896     -3.91657    -0.348976
         111      0.15976    0.0156237     -1.21518     0.160522      0.13498      1.23314     -2.72169    0.0974851
       -2112     -0.78402     0.200426     -41.9624     0.809233      0.93957      41.9807     -4.64168      2.89131
         211   -0.0435757    -0.247078     -6.19539     0.250891      0.13957      6.20203      -3.9001     -1.74537
        2112    0.0400817  -0.00449024     -55.1512    0.0403324      0.93957      55.1592     -7.91383    -0.111562
         111     0.197845     0.206616     -7.86949     0.286064      0.13498      7.87584     -4.00801     0.807082
       -2212    -0.173639     0.316522     -137.738     0.361022      0.93827      137.742     -6.63732      2.07255
         211    -0.079122   -0.0606991     -19.2706     0.099723      0.13957      19.2714      -5.9571      -2.4872
        -211     -0.43326     0.350032      -535.43     0.556989      0.13957       535.43     -7.56143      2.46205
         111   -0.0647926    -0.553032     -742.055     0.556814      0.13498      742.056     -7.88809     -1.68742
         130   -0.0747058     0.291829      3.50325      0.30124      0.49761      3.55122      3.14853      1.82141
         310    0.0846524    -0.317438     0.266983     0.328531      0.49761     0.653321     0.742521     -1.31019
        -521     -124.551     -10.7092     -52.9332      125.011      5.27925      135.858    -0.411701     -3.05582
          22    -0.118642  -0.00577985   -0.0732791     0.118783            0     0.139568    -0.583276     -3.09291
         211   -0.0192562    0.0684202     0.146227    0.0710783      0.13957     0.214276      1.46896      1.84514
        -211     0.221529     0.246041    -0.100408     0.331076      0.13957     0.373059    -0.298812     0.837774
         111    -0.130993     0.533568     0.127358     0.549412      0.13498     0.579908     0.229781      1.81154
         211      0.45458    -0.151757    -0.260265     0.479243      0.13957     0.562931    -0.519404    -0.322207
        -211     0.397837     0.043532    0.0219547     0.400211      0.13957     0.424418    0.0548304     0.108988
         111     0.657579     0.311814    0.0117082     0.727762      0.13498     0.740266    0.0160873     0.442783
         211      1.94865    -0.300511      2.96606      1.97168      0.13957      3.56434      1.19716     -0.15301
        -211     0.693383      -0.2454      1.33415     0.735528      0.13957      1.52985      1.35716     -0.34016
         111     0.114699   -0.0889103     0.513142     0.145123      0.13498     0.550087      1.97554    -0.659413
          22      1.25647     0.422459      2.99969      1.32559            0      3.27953      1.55539     0.324353
          22     0.406346    0.0858902     0.392208     0.415325            0     0.571245     0.841463     0.208306
         111    -0.276945     0.441041     0.404065     0.520784      0.13498     0.672833     0.713722       2.1315
         111    -0.101263     0.292125     0.299818     0.309179      0.13498     0.451334     0.859803      1.90448
         221    -0.515387      1.60465      2.25021      1.68539      0.54785      2.86428      1.09969      1.88157
        3122      1.56981    -0.770292     0.985525      1.74861      1.11568      2.29644     0.537366    -0.456174
          11    0.0593259    0.0322213    0.0697718    0.0675113  0.000510999    0.0970883     0.904854     0.497549
         -11   0.00221653   0.00125222   0.00166232   0.00254579  0.000510999   0.00308309      0.61371     0.514246
       -2112      1.80618     -1.81753     0.399023      2.56237      0.93957      2.75821     0.155102    -0.788529
         211    0.0614782    -0.055618   -0.0407772    0.0829031      0.13957     0.167378    -0.473925    -0.735393
         211     0.382145    0.0499821     0.134961       0.3854      0.13957     0.431541     0.343397     0.130055
        -211      1.68632     -0.58537     0.631131      1.78503      0.13957      1.89846     0.346588    -0.334114
         111     0.631447    -0.164457     0.490512     0.652512      0.13498     0.827402      0.69453    -0.254785
         111    0.0686091    0.0793518     0.120095       0.1049      0.13498     0.208917     0.980185     0.857876
         111    0.0160433     -0.39679     0.146889     0.397114      0.13498     0.444404     0.361936     -1.53039
        -421     -46.7678     -4.13663      -20.036      46.9504      1.86486      51.0809    -0.414755     -3.05337
         223     -14.7006     -1.12893     -6.31358      14.7439     0.793941      16.0585    -0.416104     -3.06495
        -321     -12.2489     -1.20775     -5.32742      12.3083      0.49368      13.4208    -0.420344     -3.04331
         423     -50.8338     -4.23591     -21.2562        51.01      2.00698       55.298    -0.405503     -3.05846
         111  -0.00739083     0.200631     0.271168     0.200767      0.13498     0.363399      1.10897      1.60762
         111    -0.353122     0.895792      1.38907     0.962881      0.13498      1.69555      1.16251      1.94629
         111    -0.154874     0.508228     0.589967     0.531302      0.13498     0.805334     0.957336      1.86659
        2212      1.42683    -0.705686     0.790111       1.5918      0.93827      2.00959     0.477956    -0.459305
        -211     0.142979   -0.0646065     0.195413     0.156898      0.13957      0.28685      1.04477    -0.424401
         321     -22.9473     -1.58195     -10.3676      23.0017      0.49368      25.2351    -0.436719     -3.07276
        -211     -18.9133     -1.80728     -7.84745      18.9994      0.13957      20.5567    -0.402112     -3.04633
         111     -4.90725    -0.747397      -1.8209      4.96384      0.13498      5.28901    -0.359068     -2.99045
         211      -10.411    -0.767195     -4.37688      10.4392      0.13957      11.3205    -0.407869     -3.06803
        -211     -1.42921    -0.170324    -0.785968      1.43933      0.13957      1.64587    -0.522031     -3.02298
         111     -2.86041    -0.191407     -1.15073      2.86681      0.13498      3.09209    -0.391333     -3.07478
         421     -43.9432      -3.6823     -18.3933      44.0972      1.86486      47.8159    -0.405873     -3.05799
          22      -6.8906    -0.553607     -2.86291       6.9128            0      7.48218    -0.403137     -3.06142
       20213     -36.0099     -3.15015     -15.1168      36.1474      1.27955      39.2019    -0.406879     -3.05433
        -321      -7.9333    -0.532149     -3.27652      7.95113      0.49368      8.61393     -0.40123     -3.07462
         113     -21.1066     -1.52493     -8.87358      21.1616     0.826164      22.9617    -0.407917     -3.06947
         211     -14.9033     -1.62522     -6.24325      14.9916      0.13957      16.2403    -0.405264     -3.03297
         211     -7.54798    -0.652622     -2.79366      7.57615      0.13957      8.07601    -0.360861     -3.05534
        -211     -13.5586    -0.872308     -6.07992      13.5867      0.13957      14.8856    -0.433761     -3.07735
